x = [
    [22, 18, 23, 28, 26, 89, 125, 130, 116, 135], 
    [175, 185, 220, 217], 
    [251, 251, 256, 271, 274, 276, 286, 299, 303, 323], 
    [343, 359, 380, 380, 368, 359, 373, 398, 412, 415, 442], 
    [463, 470, 462, 467, 492, 505, 504, 530, 550, 546, 551], 
    [565, 567], 
    [722, 712, 702, 697,  707, 756, 705], 
    [781, 778, 793, 811, 798, 830, 832, 819, 852], 
    [995, 1009, 1031, 1008, 1002, 1040, 1058, 1062, 1088, 1095, 1091], 
    [1123, 1135, 1114, 1099, 1130, 1162, 1159, 1134], 
    [1185, 1203, 1224, 1219,1199,1188, 1199, 1223, 1249, 1265, 1265, 1310], 
    [1426, 1431, 1426, 1426], 
    [1427, 1430, 1436, 1435, 1434], 
    [1455, 1476], 
    [1486, 1501, 1501, 1490] 
] 


y = [
    [170, 115, 52, 114, 176, 73, 68, 127, 190, 170], 
    [133, 55, 79, 130], 
    [130, 84, 82, 125, 118, 105, 102, 122, 100, 83], 
    [117, 103, 105, 135, 134, 103, 74, 86, 127, 73, 140],  
    [173, 182, 132, 95, 98, 137, 89, 85, 147, 118, 90],  
    [184, 178], 
    [155, 162, 158, 153, 135, 106, 97],  
    [155, 133, 117, 132, 150, 120, 88, 68, 61],  
    [164, 140, 110, 100, 113, 132, 156, 131, 120, 140, 162],  
    [161, 109, 16, 45, 158, 162, 139, 108],
    [150, 143, 157, 171, 167, 133, 113, 120, 150, 178, 118, 186], 
    [185, 178, 173, 184], 
    [137, 134, 132, 136, 137],  
    [163, 161], 
    [208, 178, 141, 122]  
]

t = [
    [0.0, 0.1111111111111111, 0.2222222222222222, 0.3333333333333333, 0.4444444444444444, 0.5555555555555556, 0.6666666666666666, 0.7777777777777778, 0.8888888888888888, 1.0], 
    [0.0, 0.3333333333333333, 0.6666666666666666, 1.0], 
    [0.0, 0.1111111111111111, 0.2222222222222222, 0.3333333333333333, 0.4444444444444444, 0.5555555555555556, 0.6666666666666666, 0.7777777777777778, 0.8888888888888888, 1.0], 
    [0.0, 0.1, 0.2, 0.3, 0.4, 0.5, 0.6, 0.7, 0.8, 0.9, 1.0], 
    [0.0, 0.1, 0.2, 0.3, 0.4, 0.5, 0.6, 0.7, 0.8, 0.9, 1.0], 
    [0.0, 1.0], 
    [0.0, 0.16666666666666666, 0.3333333333333333, 0.5, 0.6666666666666666, 0.8333333333333334, 1.0], 
    [0.0, 0.125, 0.25, 0.375, 0.5, 0.625, 0.75, 0.875, 1.0], 
    [0.0, 0.1, 0.2, 0.3, 0.4, 0.5, 0.6, 0.7, 0.8, 0.9, 1.0], 
    [0.0, 0.14285714285714285, 0.2857142857142857, 0.42857142857142855, 0.5714285714285714, 0.7142857142857143, 0.8571428571428571, 1.0], 
    [0.0, 0.09090909090909091, 0.18181818181818182, 0.2727272727272727, 0.36363636363636365, 0.45454545454545453, 0.5454545454545454, 0.6363636363636364, 0.7272727272727273, 0.8181818181818182, 0.9090909090909091, 1.0], 
    [0.0, 0.3333333333333333, 0.6666666666666666, 1.0], 
    [0.0, 0.25, 0.5, 0.75, 1.0], 
    [0.0, 1.0], 
    [0.0, 0.3333333333333333, 0.6666666666666666, 1.0]
]
u = [
    0.0, 0.01, 0.02, 0.03, 0.04, 0.05, 0.06, 0.07, 0.08, 0.09, 
    0.1, 0.11, 0.12, 0.13, 0.14, 0.15, 0.16, 0.17, 0.18, 0.19, 
    0.2, 0.21, 0.22, 0.23, 0.24, 0.25, 0.26, 0.27, 0.28, 0.29, 
    0.3, 0.31, 0.32, 0.33, 0.34, 0.35, 0.36, 0.37, 0.38, 0.39, 
    0.4, 0.41, 0.42, 0.43, 0.44, 0.45, 0.46, 0.47, 0.48, 0.49, 
    0.5, 0.51, 0.52, 0.53, 0.54, 0.55, 0.56, 0.57, 0.58, 0.59, 
    0.6, 0.61, 0.62, 0.63, 0.64, 0.65, 0.66, 0.67, 0.68, 0.69, 
    0.7, 0.71, 0.72, 0.73, 0.74, 0.75, 0.76, 0.77, 0.78, 0.79, 
    0.8, 0.81, 0.82, 0.83, 0.84, 0.85, 0.86, 0.87, 0.88, 0.89, 
    0.9, 0.91, 0.92, 0.93, 0.94, 0.95, 0.96, 0.97, 0.98, 0.99
    ]
   