1 0 0.0
1 0 0.0
1 0 0.0
2 1 0.0
2 0 0.0
2 1 0.0
3 2 0.0
3 1 0.0
3 1 0.0
4 1 0.0
4 1 0.0
4 3 0.0
5 1 0.0
5 3 0.0
5 2 0.0
6 2 0.0
6 3 0.0
6 4 0.0
7 5 0.0
7 4 0.0
7 3 0.0
8 3 0.0
8 5 0.0
8 6 0.0
9 6 0.0
9 7 0.0
9 7 0.0
10 7 0.0
10 7 0.0
10 7 0.0
11 8 0.0
11 9 0.0
11 5 0.0
12 9 0.0
12 8 0.0
12 10 0.0
13 10 0.0
13 8 0.0
13 9 0.0
14 10 0.0
14 11 0.0
14 11 0.0
15 6 0.0
15 12 0.0
15 10 0.01562356948852539
16 12 0.0
16 10 0.0
16 7 0.0
17 13 0.0
17 13 0.015621185302734375
17 11 0.0
18 8 0.022617816925048828
18 14 0.014596939086914062
18 14 0.0
19 16 0.0
19 13 0.0
19 16 0.0
20 16 0.026088237762451172
20 16 0.016101837158203125
20 6 0.008135318756103516
21 17 0.0
21 11 0.19873809814453125
21 11 0.0
22 19 0.0
22 17 0.0
22 18 0.0312654972076416
23 20 0.0
23 20 0.0
23 18 0.11265873908996582
24 14 1.3047523498535156
24 20 0.0625145435333252
24 13 0.26522040367126465
25 14 0.07819914817810059
25 14 0.07801055908203125
25 20 0.0785074234008789
26 12 7.452688694000244
26 22 0.11743831634521484
26 13 3.1683156490325928
27 19 4.312990188598633
27 24 0.0
27 25 0.0
28 21 3.6041834354400635
28 23 0.12566137313842773
28 24 0.17177295684814453
29 18 40.76276516914368
29 24 0.17187786102294922
29 25 0.21434617042541504
30 23 1.7555203437805176
30 23 6.904993295669556
30 24 2.6578123569488525
31 25 1.8652420043945312
31 27 0.0781092643737793
31 27 0.2249917984008789
32 28 0.006006479263305664
32 28 0.07420516014099121
32 29 0.0
33 28 1.935487985610962
33 25 5.176811456680298
33 29 0.07812690734863281
34 31 0.0
34 24 289.47752618789673
34 29 1.7327237129211426
35 28 0.14326953887939453
35 31 0.21900439262390137
35 25 83.65681958198547
36 33 0.03124070167541504
36 31 4.327783584594727
36 33 0.015624523162841797
37 31 5.343587875366211
37 32 5.4059157371521
37 33 0.24190354347229004
38 34 0.04729962348937988
38 30 93.9579725265503
38 32 27.2273211479187
39 33 0.5467114448547363
39 34 7.913324356079102
39 26 10287.37004518509
40 37 0.008997201919555664
40 34 1.9609262943267822
40 36 0.07811689376831055
