1 0 0.04056739807128906
1 0 0.0011055469512939453
1 0 0.0010039806365966797
2 1 0.004007101058959961
2 0 0.0019910335540771484
2 1 0.005433082580566406
3 2 0.004179477691650391
3 1 0.004018545150756836
3 1 0.003004312515258789
4 1 0.003998517990112305
4 1 0.003998994827270508
4 3 0.004241466522216797
5 1 0.0030024051666259766
5 3 0.005968570709228516
5 2 0.005106925964355469
6 2 0.0
6 3 0.015506267547607422
6 4 0.0
7 5 0.015633106231689453
7 4 0.0156252384185791
7 3 0.0
8 3 0.0
8 5 0.015623092651367188
8 6 0.0
9 6 0.0
9 7 0.0156252384185791
9 7 0.0
10 7 0.015625
10 7 0.0
10 7 0.0156252384185791
11 8 0.0
11 9 0.0
11 5 0.015624523162841797
12 9 0.0
12 8 0.015625476837158203
12 10 0.0
13 10 0.015624046325683594
13 8 0.0
13 9 0.016913414001464844
14 10 0.02541828155517578
14 11 0.0012662410736083984
14 11 0.015733003616333008
15 6 0.0
15 12 0.015513896942138672
15 10 0.015625476837158203
16 12 0.015624761581420898
16 10 0.015625476837158203
16 7 0.01562643051147461
17 13 0.015623092651367188
17 13 0.015624761581420898
17 11 0.01562786102294922
18 8 0.015638113021850586
18 14 0.0
18 14 0.015614509582519531
19 16 0.015723466873168945
19 13 0.015628814697265625
19 16 0.015522956848144531
20 16 0.0156252384185791
20 16 0.015623092651367188
20 6 0.018201589584350586
21 17 0.01562643051147461
21 11 0.023606300354003906
21 11 0.014970779418945312
22 19 0.01099395751953125
22 17 0.015735387802124023
22 18 0.01554250717163086
23 20 0.03134775161743164
23 20 0.015619993209838867
23 18 0.031145811080932617
24 14 0.01574873924255371
24 20 0.03234100341796875
24 13 0.02243661880493164
25 14 0.020224332809448242
25 14 0.015658140182495117
25 20 0.01569366455078125
26 12 0.03114771842956543
26 22 0.031249523162841797
26 13 0.015626192092895508
27 19 0.03135180473327637
27 24 0.031716346740722656
27 25 0.015627384185791016
28 21 0.03124713897705078
28 23 0.030720233917236328
28 24 0.03119349479675293
29 18 0.01779341697692871
29 24 0.03186225891113281
29 25 0.03129148483276367
30 23 0.031248092651367188
30 23 0.01569390296936035
30 24 0.03125596046447754
31 25 0.05024266242980957
31 27 0.04182791709899902
31 27 0.04725813865661621
32 28 0.03126192092895508
32 28 0.031243324279785156
32 29 0.04698586463928223
33 28 0.031271934509277344
33 25 0.041728973388671875
33 29 0.021218061447143555
34 31 0.046968936920166016
34 24 0.04679751396179199
34 29 0.03126883506774902
35 28 0.03133416175842285
35 31 0.06238102912902832
35 25 0.032289981842041016
36 33 0.031403303146362305
36 31 0.04688692092895508
36 33 0.04724287986755371
37 31 0.07755088806152344
37 32 0.0600588321685791
37 33 0.04699444770812988
38 34 0.04685544967651367
38 30 0.04687952995300293
38 32 0.04685831069946289
39 33 0.04688668251037598
39 34 0.07024908065795898
39 26 0.061063289642333984
40 37 0.06313824653625488
40 34 0.04141712188720703
40 36 0.046404361724853516
